G= zeros(4);
d = [-5;-2;5;2];

A=transpose([4,0,-2,1;-4,0,2,-1;-3,2,-1,-3;-3,0,0,-1;-1,0,0,0;0,-1,0,0;0,0,0,-1]);
b=[1;-1;-1;-1;0;0;0];

x0 = ones(4,1);

alpha = 0.25;

mu0 = 0.1;